--- LEVELING COMPUTATION REPORT ---

BS_point  BS_upper  BS_middle  BS_lower FS_point  FS_upper  FS_middle  FS_lower  BS_Reading  FS_Readings  Elevation  BS_Dist  FS_Dist  Total_Dist  Dist_from_BM   Adj_Elev
     BM1      0.89       0.70      0.51     TP 1      2.18       1.99      1.80       0.700        1.990     98.710     38.0     38.0        76.0          76.0  98.717417
    TP 1      1.66       1.53      1.40     TP 2      1.06       0.93      0.80       1.530        0.930     99.310     26.0     26.0        52.0         128.0  99.322491
    TP 2      1.65       1.57      1.50     TP 3      1.05       1.02      0.94       1.573        1.003     99.880     15.0     11.0        26.0         154.0  99.895029
    TP 3      1.74       1.66      1.58     TP 4      1.10       1.02      0.94       1.660        1.020    100.520     16.0     16.0        32.0         186.0 100.538152
    TP 4      1.91       1.82      1.73     TP 5      0.93       0.84      0.74       1.820        0.837    101.503     18.0     19.0        37.0         223.0 101.524762
    TP 5      1.85       1.75      1.65     TP 6      0.84       0.73      0.61       1.750        0.727    102.526     20.0     23.0        43.0         266.0 102.551959
    TP 6      1.90       1.79      1.68     TP 7      0.89       0.79      0.69       1.790        0.790    103.526     22.0     20.0        42.0         308.0 103.556057
    TP 7      2.06       1.91      1.76     TP 8      0.69       0.55      0.41       1.910        0.550    104.886     30.0     28.0        58.0         366.0 104.921718
    TP 8      2.35       2.21      2.07     TP 9      0.89       0.76      0.62       2.210        0.757    106.339     28.0     27.0        55.0         421.0 106.380085
    TP 9      1.10       1.01      0.92    TP 10      1.93       1.82      1.71       1.010        1.820    105.529     18.0     22.0        40.0         461.0 105.573989
   TP 10      0.70       0.61      0.52    TP 11      1.76       1.65      1.54       0.610        1.650    104.489     18.0     22.0        40.0         501.0 104.537892
   TP 11      0.81       0.70      0.59    TP 12      1.85       1.73      1.61       0.700        1.730    103.459     22.0     24.0        46.0         547.0 103.512381
   TP 12      0.82       0.71      0.60    TP 13      1.14       1.04      0.93       0.710        1.037    103.132     22.0     21.0        43.0         590.0 103.189577
   TP 13      0.91       0.80      0.69    TP 14      1.89       1.78      1.67       0.800        1.780    102.152     22.0     22.0        44.0         634.0 102.213871
   TP 14      0.82       0.69      0.56    TP 15      2.00       1.88      1.76       0.690        1.880    100.962     26.0     24.0        50.0         684.0 101.028751
   TP 15      1.05       0.91      0.78    TP 16      1.78       1.65      1.52       0.913        1.650    100.225     27.0     26.0        53.0         737.0 100.296923
   TP 16      1.28       1.02      0.76    TP 17      1.94       1.73      1.52       1.020        1.730     99.515     52.0     42.0        94.0         831.0  99.596096
   TP 17      2.62       2.51      2.40     BM 1      2.20       2.11      2.02       2.510        2.110     99.915     22.0     18.0        40.0         871.0 100.000000

--- MISCLOSURE AND ACCURACY SUMMARY ---
Error of Misclosure: -0.085
Order of Accuracy: Rejected / Low Accuracy
