--- LEVELING COMPUTATION REPORT ---

BS_point  BS_Reading  BS_Dist FS_point  FS_Readings  FS_Dist  Elevation  Total_Dist  Dist_from_BM   Adj_Elev
     BM1       0.700       38     TP 1        1.990       38     98.710        76.0          76.0  98.717417
    TP 1       1.530       26     TP 2        0.930       26     99.310        52.0         128.0  99.322491
    TP 2       1.570       15     TP 3        1.000       11     99.880        26.0         154.0  99.895029
    TP 3       1.660       16     TP 4        1.020       16    100.520        32.0         186.0 100.538152
    TP 4       1.820       18     TP 5        0.836       19    101.504        37.0         223.0 101.525762
    TP 5       1.750       20     TP 6        0.726       23    102.528        43.0         266.0 102.553959
    TP 6       1.790       22     TP 7        0.790       20    103.528        42.0         308.0 103.558057
    TP 7       1.910       30     TP 8        0.550       28    104.888        58.0         366.0 104.923718
    TP 8       2.210       28     TP 9        0.756       27    106.342        55.0         421.0 106.383085
    TP 9       1.010       18    TP 10        1.820       22    105.532        40.0         461.0 105.576989
   TP 10       0.610       18    TP 11        1.650       22    104.492        40.0         501.0 104.540892
   TP 11       0.700       22    TP 12        1.730       24    103.462        46.0         547.0 103.515381
   TP 12       0.710       22    TP 13        1.040       21    103.132        43.0         590.0 103.189577
   TP 13       0.800       22    TP 14        1.780       22    102.152        44.0         634.0 102.213871
   TP 14       0.690       26    TP 15        1.880       24    100.962        50.0         684.0 101.028751
   TP 15       0.913       27    TP 16        1.650       26    100.225        53.0         737.0 100.296923
   TP 16       1.020       52    TP 17        1.730       42     99.515        94.0         831.0  99.596096
   TP 17       2.510       22     BM 1        2.110       18     99.915        40.0         871.0 100.000000

--- MISCLOSURE AND ACCURACY SUMMARY ---
Error of Misclosure: -0.085
Order of Accuracy: Rejected / Low Accuracy
